00000000000000000000000000000000000000000000000000000000000000001000010111010110001010010111010001001001011011101000011111000001
00000000000000000000000000000000000000000000000000000000000000000000010101111000011001100011010000011011000110011100100110001100
00000000000000000000000000000000000000000000000000000000000000000011010000000110001000110010011000100010011010111001111000100111
00000000000000000000000000000000000000000000000000000000000000001010100010110100111010010110011010100100010010010111101001001100
00000000000000000000000000000000000000000000000000000000000000000101110010101000101011100011011010001111111001101100101110010011
00000000000000000000000000000000000000000000000000000000000000001000010110101000001110100111101100100101010110000111101010000101
00000000000000000000000000000000000000000000000000000000000000001100001011110101111100101001110011111000111110101010101100101010
00000000000000000000000000000000000000000000000000000000000000000101001100111001100101011111011010010000000010010010101111000110
00000000000000000000000000000000000000000000000000000000000000001100110110100100110011110001000111001001101101100011010011010010
00000000000000000000000000000000000000000000000000000000000000001101010101101001111101010110101101101101110110010111101011111100
00000000000000000000000000000000000000000000000000000000000000001111110100010101101000001001100110111111001010010100101101011010
00000000000000000000000000000000000000000000000000000000000000001011000000000101110001000010000110000011100011100011101011110111
00000000000000000000000000000000000000000000000000000000000000000101101111101100111010010010011010111100011100110111011010111011
00000000000000000000000000000000000000000000000000000000000000001110111111111000001111000010000001100110010010101001111000000100
00000000000000000000000000000000000000000000000000000000000000001011110010110111110100111010010100101101111010101111110101010000
00000000000000000000000000000000000000000000000000000000000000000101111110001100111100001101010001000111010010011110001010010010
00000000000000000000000000000000000000000000000000000000000000000011110111100110111100101111001110101111000110111011010111001101
00000000000000000000000000000000000000000000000000000000000000000010110010000010100100110001101001010011000011000011110110001001
00000000000000000000000000000000000000000000000000000000000000000011010001110000001110011111101010010010011100011111100001010110
00000000000000000000000000000000000000000000000000000000000000000101110001011100110101110000010110000011011110011000100101111001
00000000000000000000000000000000000000000000000000000000000000001111010110011000110000111111001010110000001101101010101011010111
00000000000000000000000000000000000000000000000000000000000000000001001100110111111110111011001100111001111010011110100110010111
00000000000000000000000000000000000000000000000000000000000000001011010110010101101111110011101011101111101110010101111001001010
00000000000000000000000000000000000000000000000000000000000000001111010110000110011100111011111001101100101101010011110100000011
00000000000000000000000000000000000000000000000000000000000000001010010001101000100111100000000100001111010110000011101001010001
00000000000000000000000000000000000000000000000000000000000000000110011111100010101010111000110011110001011110000111101110001000
00000000000000000000000000000000000000000000000000000000000000000110010011011010100011100000101110010100110001110000001010010001
00000000000000000000000000000000000000000000000000000000000000001110000011001101110001011110011110111110101100001010101010111110
00000000000000000000000000000000000000000000000000000000000000000010111100000010011111001110100011110011001001010110100001100011
00000000000000000000000000000000000000000000000000000000000000001011010011100010110001110101010001101100111001000110110001111100
00000000000000000000000000000000000000000000000000000000000000000100110000101000000001011000001100001010101100110101110001001100
00000000000000000000000000000000000000000000000000000000000000000101100100001100110011001011110100100000001011111010110000110001
00000000000000000000000000000000000000000000000000000000000000000111011010011110001001001110000110001010110000000010101101010101
00000000000000000000000000000000000000000000000000000000000000000101110011110110110011101000110001111001110011101111001011101111
00000000000000000000000000000000000000000000000000000000000000000111110110001101010000111100011011000110111000100001011001000000
00000000000000000000000000000000000000000000000000000000000000000101110010111000001101000100000011011101111001110111111100011000
00000000000000000000000000000000000000000000000000000000000000000111110110000100011101100011011011001110111111000000011001010101
00000000000000000000000000000000000000000000000000000000000000001111111111011100111110110010100010101010010100001001001101100110
00000000000000000000000000000000000000000000000000000000000000001010010100001111110101100111111011101011011001000111100010011010
00000000000000000000000000000000000000000000000000000000000000000000101000111010101100100100001110111000000001111101100010001001
00000000000000000000000000000000000000000000000000000000000000000110011101011011011100001110010110011101100011100011101101001100
00000000000000000000000000000000000000000000000000000000000000000100011110000000000010010100100110100010101101000010011000110101
00000000000000000000000000000000000000000000000000000000000000000101110100001100101100101111111100110111100001100101100110110111
00000000000000000000000000000000000000000000000000000000000000001101011011110011000000101110111011101111110100010110101000010101
00000000000000000000000000000000000000000000000000000000000000001110100101001001000111000111100110010001011110111010011011000011
00000000000000000000000000000000000000000000000000000000000000000010000110010010110101100011011011100011111010000000110100000100
00000000000000000000000000000000000000000000000000000000000000000010101010110100111000111100111001011111100001111001111111001111
00000000000000000000000000000000000000000000000000000000000000000010101110001110001000111111000000111010010111101000011110100000
00000000000000000000000000000000000000000000000000000000000000001111101011010110100110110110100100011011111010110110101101001110
00000000000000000000000000000000000000000000000000000000000000001110101000101001000111010100110011111101100111111100011000001010
00000000000000000000000000000000000000000000000000000000000000001001000001001100111100010111110111111000110000001100110101010111
00000000000000000000000000000000000000000000000000000000000000000110111110101111011110101011111011000101111101111001111000111000
00000000000000000000000000000000000000000000000000000000000000001000001110011111010011011111110100111001101101111111101010000101
00000000000000000000000000000000000000000000000000000000000000000101001001001101001000010000110101001101110010001100110100010100
00000000000000000000000000000000000000000000000000000000000000000101010111010000011010000011010110011101100110011111111111101101
00000000000000000000000000000000000000000000000000000000000000001110100110011100001100100101011110011010110110110100111010111111
00000000000000000000000000000000000000000000000000000000000000000001000111110100011000110000010000001100000101001011011110010101
00000000000000000000000000000000000000000000000000000000000000001000001101001110100100001010001111111110000101111101010001000110
00000000000000000000000000000000000000000000000000000000000000000001010100001101010110001011110111001101000000101110100001010001
00000000000000000000000000000000000000000000000000000000000000001011011110011100000011110110000001111111000100010100111001111101
00000000000000000000000000000000000000000000000000000000000000000111000100001010100111010111110000100100011010000001001001110000
00000000000000000000000000000000000000000000000000000000000000000100100101001000100110100100111110110101000010111000000100100111
00000000000000000000000000000000000000000000000000000000000000001111100101010111001110010010110111010111001111111111110010111101
00000000000000000000000000000000000000000000000000000000000000000100011110010100101000101000011010101000001100100011111001011110
00000000000000000000000000000000000000000000000000000000000000001000111100101011011000101010001100100000001010100100101100001001
00000000000000000000000000000000000000000000000000000000000000000000001111110100100111001011101101101100100001001011011111011000
00000000000000000000000000000000000000000000000000000000000000000010011010001011001100010010000101011111011110100011110100001100
00000000000000000000000000000000000000000000000000000000000000001101010001011110101001100101110111010100010110000111000101010100
00000000000000000000000000000000000000000000000000000000000000001101001011011100111100001011001010001010011100000101010001110100
00000000000000000000000000000000000000000000000000000000000000000110110101010000011111010110101101001110110001110111100110001011
00000000000000000000000000000000000000000000000000000000000000001011101000100001000011110110011011101001001010010111110100010101
00000000000000000000000000000000000000000000000000000000000000001110001101101001100100111011011111100011110010111111010101100011
00000000000000000000000000000000000000000000000000000000000000000111011011111001001111011010001011111000000000100010101010101111
00000000000000000000000000000000000000000000000000000000000000000101010100100000101101010001110011110101010110011100011100010110
00000000000000000000000000000000000000000000000000000000000000001001100011000001111111001010000100111011000101011100110011000000
00000000000000000000000000000000000000000000000000000000000000001000110111111111100111010001101010011101110111110011011011110101
00000000000000000000000000000000000000000000000000000000000000001011111100101000101011000110010001100101101000001011010011001010
00000000000000000000000000000000000000000000000000000000000000000001101001001011001101101110010110110101111101111000010110101011
00000000000000000000000000000000000000000000000000000000000000001000001011011000110000000101101100110100000000001111111101101101
00000000000000000000000000000000000000000000000000000000000000000000011101110001111100110000101010100011011110010000100000001101
00000000000000000000000000000000000000000000000000000000000000001110101100010000001010011010110111101110011001010001011001011011
00000000000000000000000000000000000000000000000000000000000000001101010011000110110011100001011100010111101100101111101101001100
00000000000000000000000000000000000000000000000000000000000000001010111101110001101110100111111111100100000101100011000000011100
00000000000000000000000000000000000000000000000000000000000000001111011111001111010000000010111011110011001011001110100010101000
00000000000000000000000000000000000000000000000000000000000000001010001011111101001100000101110101000000000100111001100101000110
00000000000000000000000000000000000000000000000000000000000000000000101001111110100110101011001011001000100110010001001111000000
00000000000000000000000000000000000000000000000000000000000000000010100100111011000100001100111010011101110001100000001001001111
00000000000000000000000000000000000000000000000000000000000000001011110110011000010100001001010100100010111101001110000001001001
00000000000000000000000000000000000000000000000000000000000000000110011111000000010001011100011100110011011010000010010001100000
00000000000000000000000000000000000000000000000000000000000000001001100111001010111001000111100000110001111000111100100111001111
00000000000000000000000000000000000000000000000000000000000000000110000000000110000011101011010000000100110000010010001000110010
00000000000000000000000000000000000000000000000000000000000000000101001001101101010100101011110011111100100001111010010111100110
00000000000000000000000000000000000000000000000000000000000000001111000001110011110010011001001101001110101010100101001101111001
00000000000000000000000000000000000000000000000000000000000000001111100110100110111011100110101011111110001110010011101011110110
00000000000000000000000000000000000000000000000000000000000000000010100110001100100111001000100001100000100111101010010011101011
00000000000000000000000000000000000000000000000000000000000000000000010111101101001110111110111101101110111000101100111110111100
00000000000000000000000000000000000000000000000000000000000000001011010010000111010011100100010001010011011010001001101100110111
00000000000000000000000000000000000000000000000000000000000000000011001100100110000101101001001011001010000110010011010001111111
00000000000000000000000000000000000000000000000000000000000000001100101011011001111100010101010010110000111001010111111000000000
00000000000000000000000000000000000000000000000000000000000000000110010101010011000101100101101101101000101110100101100101001100
00000000000000000000000000000000000000000000000000000000000000000101101000100101010001100000011001011000000110100001101100001110
00000000000000000000000000000000000000000000000000000000000000001101010101100010001101110010101000100110101111101001011101000101
00000000000000000000000000000000000000000000000000000000000000000001010101100001110011010010110101111001010111011000110001001001
00000000000000000000000000000000000000000000000000000000000000000011111001011010101001101110001000011111111000111111111100011100
00000000000000000000000000000000000000000000000000000000000000001010111101000010001110001110100001111111111100101000100100010000
00000000000000000000000000000000000000000000000000000000000000000111101111111111010100110000001110110001001001000001000111001101
00000000000000000000000000000000000000000000000000000000000000001100111000000110110001011000000110111110010000110111010110111101
00000000000000000000000000000000000000000000000000000000000000001100111010000110100000110000001011001110001110111011100100001110
00000000000000000000000000000000000000000000000000000000000000000000011011010101110101011000010110111011101100010100001001100110
00000000000000000000000000000000000000000000000000000000000000000110110110111101010110010100101110111001001111001100110101000010
00000000000000000000000000000000000000000000000000000000000000000011110001000111101000001111110000011110001100011001101101010101
00000000000000000000000000000000000000000000000000000000000000000001001000111010110100101100111111100001100011110010110100111010
00000000000000000000000000000000000000000000000000000000000000000110000101000101001001011010011100111100111101110110000101001101
00000000000000000000000000000000000000000000000000000000000000001001110100111010010000001110100010101101011011001011101000111100
00000000000000000000000000000000000000000000000000000000000000000000110101010011001111110111100001010110011010010001110110110111
00000000000000000000000000000000000000000000000000000000000000001000001100101011111101101110110001111001100010011110110111000010
00000000000000000000000000000000000000000000000000000000000000001000111011011111101101000001010110100000010110011101000010101110
00000000000000000000000000000000000000000000000000000000000000000111000000100001010101111101010000000100110001010101010011111111
00000000000000000000000000000000000000000000000000000000000000000010000011101110000000011101000100000011001110100010000000100101
00000000000000000000000000000000000000000000000000000000000000000110110000011110001101100110101110101000110000010010100101010111
00000000000000000000000000000000000000000000000000000000000000001111001111011111100111100010110010110011111110001010100001110010
00000000000000000000000000000000000000000000000000000000000000000100101000010011000010010011101111001110010111011000100011100011
00000000000000000000000000000000000000000000000000000000000000001001000010111000111110110101110110100000011010101110100101100111
00000000000000000000000000000000000000000000000000000000000000000101001110010111101111010111010110110100101111010011011011010101
00000000000000000000000000000000000000000000000000000000000000001001100000000101001110110110011101001100111101101001010001101101
00000000000000000000000000000000000000000000000000000000000000000010000001100101100001100111011110110010111000011111010111110101
00000000000000000000000000000000000000000000000000000000000000001000010110110011100111011110101011111100100000110000000101001010
00000000000000000000000000000000000000000000000000000000000000001110001100011010000101110110011001001001110010000110010011011000
00000000000000000000000000000000000000000000000000000000000000000100001001010001110010001010100000001100110011101010000001110001
00000000000000000000000000000000000000000000000000000000000000000001111110100111111001001110010001000101011101100000011010100000
00000000000000000000000000000000000000000000000000000000000000000010010001110101100111011100000001001010100101111111001000111000
00000000000000000000000000000000000000000000000000000000000000000000010010101110111001111011001011011111110101101001110111100001
00000000000000000000000000000000000000000000000000000000000000000100001011110100011101101010101001111011011100111000111100110001
00000000000000000000000000000000000000000000000000000000000000000100110001011011100010000111011111111010110011111100111011010111
00000000000000000000000000000000000000000000000000000000000000001111101101110000111110110100100010110101010110001011001111001111
00000000000000000000000000000000000000000000000000000000000000001000010101101110010100000011000111101001011100101100110110011110
00000000000000000000000000000000000000000000000000000000000000001111110101100000001000011011001110111100111110100101011011111001
00000000000000000000000000000000000000000000000000000000000000001010011100010100100101111110010001010111000011111101011000110111
00000000000000000000000000000000000000000000000000000000000000001110101101010110111000111111010111101101001010100011101000100000
00000000000000000000000000000000000000000000000000000000000000001110111111011001011100110010010111000111110101101110000110100111
00000000000000000000000000000000000000000000000000000000000000000101001000111000011111100001010001111110001100100101101110101011
00000000000000000000000000000000000000000000000000000000000000000111001011111111100100011001111111001101101001010101111011001000
00000000000000000000000000000000000000000000000000000000000000001010010010000000100100001100001100011111101100111111101101101000
00000000000000000000000000000000000000000000000000000000000000000100001100011000101010100100000111010001001111010100111101110100
00000000000000000000000000000000000000000000000000000000000000000111000001111001001001001110001101010000000000000101010101111000
00000000000000000000000000000000000000000000000000000000000000001101010100011000001110001001011111011111010111001001111001101001
00000000000000000000000000000000000000000000000000000000000000001101100001001101001001010101011010101011010011000101010100000110
00000000000000000000000000000000000000000000000000000000000000001001000111101011110001001000110111000001100011000101000111101011
00000000000000000000000000000000000000000000000000000000000000001010101011010101000111100110100100010011111111011001000010101010
00000000000000000000000000000000000000000000000000000000000000001101010001101011001011101001001001011101011001001100110000101100
